Comuna,Población Total,Contagiados a la Fecha,Activos,Tasa
Arica,247552,83092,296.0,33512,2
Camarones,1233,216,1.0,17518,2
General Lagos,810,123,3.0,15061,7
Putre,2515,595,2.0,23578,5
Desconocido Arica y Parinacota,0,228,0.0,
Alto Hospicio,129999,34392,168.0,26386,4
Camina,1375,382,2.0,27709,1
Colchane,1583,1120,1.0,70688,6
Huara,3000,783,0.0,26100,0
Iquique,223463,75088,338.0,33521,4
Pica,5958,2728,21.0,45636,1
Pozo Almonte,17395,5709,48.0,32647,3
Desconocido Tarapaca,0,904,0.0,
Antofagasta,425725,113363,477.0,26568,3
Calama,190336,52157,276.0,27325,9
Maria Elena,6814,1523,4.0,22307,0
Mejillones,14776,4187,18.0,28262,0
Ollague,287,236,0.0,82230,0
San Pedro de Atacama,10434,3151,9.0,30170,6
Sierra Gorda,1746,490,2.0,28006,9
Taltal,13657,3299,18.0,24053,6
Tocopilla,28079,6441,30.0,22899,7
Desconocido Antofagasta,0,743,0.0,
Alto del Carmen,5729,1124,12.0,19532,2
Caldera,19426,8339,94.0,42705,7
Chanaral,13164,3688,18.0,27970,2
Copiapo,171766,64935,402.0,37670,4
Diego de Almagro,14358,6558,108.0,45298,8
Freirina,7681,2909,13.0,37807,6
Huasco,11264,3461,40.0,30513,1
Tierra Amarilla,14312,5430,38.0,37779,5
Vallenar,57009,18127,134.0,31679,2
Desconocido Atacama,0,112,0.0,
Andacollo,11791,2992,14.0,25332,9
Canela,9546,1708,7.0,17839,9
Combarbala,13884,3186,10.0,22889,7
Coquimbo,256735,66016,323.0,25647,5
Illapel,32801,9486,69.0,28794,9
La Higuera,4450,1120,5.0,25123,6
La Serena,249656,68628,332.0,27409,7
Los Vilos,23374,5905,53.0,25113,4
Monte Patria,32527,6688,17.0,20530,6
Ovalle,121269,32242,175.0,26485,7
Paiguano,4675,1604,12.0,34224,6
Punitaqui,12165,2920,22.0,23838,9
Rio Hurtado,4372,942,2.0,21500,5
Salamanca,29110,7562,67.0,25860,5
Vicuna,29741,6655,32.0,22309,3
Desconocido Coquimbo,0,273,0.0,
Algarrobo,15174,5435,19.0,35712,4
Cabildo,20663,4329,3.0,20926,3
Calera,53591,12452,40.0,23188,6
Calle Larga,16482,5148,30.0,31155,2
Cartagena,25357,7250,36.0,28504,9
Casablanca,29170,8233,48.0,28155,6
Catemu,15213,4388,19.0,28771,4
Concon,45889,13457,56.0,29248,8
El Quisco,17742,6183,62.0,34579,0
El Tabo,14338,5579,28.0,38778,1
Hijuelas,19099,4065,12.0,21231,5
Isla de Pascua,8277,1771,5.0,21372,5
Juan Fernandez,1033,305,0.0,29525,7
La Cruz,25321,6203,29.0,24406,6
La Ligua,37739,9403,31.0,24870,8
Limache,49931,12478,46.0,24926,4
Llaillay,26533,7598,65.0,28492,8
Los Andes,68093,24046,62.0,35266,5
Nogales,23490,4672,24.0,19799,9
Olmue,19266,5062,30.0,26170,5
Panquehue,7633,2359,11.0,30826,7
Papudo,6201,1902,8.0,30624,1
Petorca,10558,3088,9.0,29191,1
Puchuncavi,20071,6041,34.0,29993,5
Putaendo,17645,5551,26.0,31385,7
Quillota,97572,27437,93.0,28061,3
Quilpue,167085,43247,148.0,25836,6
Quintero,36135,9646,31.0,26663,9
Rinconada,11263,4067,23.0,36038,4
San Antonio,96761,26832,103.0,27669,2
San Esteban,20643,7887,39.0,38085,5
San Felipe,83494,24033,77.0,28723,0
Santa Maria,16367,4943,29.0,30078,8
Santo Domingo,11934,4091,17.0,34196,4
Valparaiso,315732,90909,257.0,28743,4
Villa Alemana,139310,34137,98.0,24451,9
Vina del Mar,361371,99557,385.0,27479,8
Zapallar,7994,3233,16.0,40305,2
Desconocido Valparaiso,0,2053,0.0,
Alhue,7405,2800,6.0,37771,8
Buin,109641,29057,102.0,26444,5
Calera de Tango,28525,6854,16.0,24007,0
Cerrillos,88956,21005,80.0,23557,7
Cerro Navia,142465,33997,92.0,23819,9
Colina,180353,42291,150.0,23404,7
Conchali,139195,31725,108.0,22740,0
Curacavi,36430,11052,51.0,30260,8
El Bosque,172000,43638,102.0,25335,5
El Monte,40014,9678,25.0,24149,0
Estacion Central,206792,41082,111.0,19833,5
Huechuraba,112528,28165,105.0,24972,5
Independencia,142065,29960,86.0,21053,7
Isla de Maipo,40171,11355,33.0,28216,9
La Cisterna,100434,24837,115.0,24664,0
La Florida,402433,108264,360.0,26840,2
La Granja,122557,31105,111.0,25317,2
La Pintana,189335,40738,67.0,21494,7
La Reina,100252,27974,150.0,27821,9
Lampa,126898,25996,67.0,20455,8
Las Condes,330759,85890,317.0,25918,3
Lo Barnechea,124076,29656,58.0,23871,7
Lo Espejo,103865,22934,99.0,22027,6
Lo Prado,104403,27414,73.0,26214,8
Macul,134635,35407,82.0,26257,7
Maipu,578605,131579,480.0,22695,8
Maria Pinto,14926,4609,23.0,30818,7
Melipilla,141612,30101,92.0,21219,2
Nunoa,250192,67764,182.0,27048,8
Padre Hurtado,74188,20371,59.0,27415,5
Paine,82766,19017,39.0,22949,0
Pedro Aguirre Cerda,107803,28143,150.0,26031,7
Penaflor,101058,26101,129.0,25750,6
Penalolen,266798,78150,260.0,29242,3
Pirque,30433,8764,33.0,28728,7
Providencia,157749,46153,203.0,29190,7
Pudahuel,253139,63290,191.0,24957,8
Puente Alto,645909,165038,522.0,25500,5
Quilicura,254694,53417,193.0,20931,4
Quinta Normal,136368,36379,107.0,26633,8
Recoleta,190075,40288,146.0,21160,6
Renca,160847,44298,140.0,27491,3
San Bernardo,334836,75955,229.0,22647,2
San Joaquin,103485,27956,85.0,26974,9
San Jose de Maipo,18644,4874,16.0,26088,8
San Miguel,133059,43888,123.0,32932,8
San Pedro,11953,2524,11.0,21065,8
San Ramon,86510,20350,72.0,23448,2
Santiago,503147,141401,583.0,28050,5
Talagante,81838,18554,59.0,22626,4
Tiltil,21477,5164,23.0,23983,8
Vitacura,96774,22036,59.0,22747,8
Desconocido Metropolitana,0,12664,0.0,
Chepica,15925,3283,4.0,20602,8
Chimbarongo,37696,6222,18.0,16484,5
Codegua,14096,3087,9.0,21857,3
Coinco,7831,1591,1.0,20316,7
Coltauco,21263,3873,13.0,18186,5
Donihue,22700,4848,10.0,21326,0
Graneros,36504,7806,25.0,21337,4
La Estrella,3114,795,1.0,25529,9
Las Cabras,26749,6148,10.0,22950,4
Litueche,6765,2005,3.0,29578,7
Lolol,7289,1297,4.0,17752,8
Machali,59913,15747,56.0,26224,7
Malloa,14163,2685,4.0,18943,7
Marchihue,7632,1425,1.0,18658,3
Mostazal,27462,6253,22.0,22700,5
Nancagua,19141,4041,20.0,21064,7
Navidad,6904,1870,11.0,26955,4
Olivar,14624,3439,7.0,23488,8
Palmilla,13299,2931,16.0,21956,5
Paredones,6349,1424,11.0,22302,7
Peralillo,11848,2753,15.0,23134,7
Peumo,14952,3416,5.0,22853,1
Pichidegua,20743,3495,10.0,16815,3
Pichilemu,17882,4116,2.0,23006,4
Placilla,9164,2409,16.0,26156,7
Pumanque,3531,877,0.0,24837,2
Quinta de Tilcoco,13877,2212,3.0,15911,2
Rancagua,265211,74169,225.0,27921,9
Rengo,63710,14719,52.0,23038,8
Requinoa,30371,6844,23.0,22491,9
San Fernando,78642,17776,46.0,22563,0
San Vicente,50617,11726,21.0,23140,4
Santa Cruz,41096,11385,54.0,27623,1
Desconocido O’Higgins,0,511,0.0,
Cauquenes,44143,13285,40.0,30043,3
Chanco,9331,1762,4.0,18872,6
Colbun,22565,8366,46.0,36964,3
Constitucion,50348,13406,28.0,26590,9
Curepto,9426,2512,27.0,26501,2
Curico,163626,50311,115.0,30702,3
Empedrado,4206,1413,3.0,33547,3
Hualane,10222,2900,6.0,28331,1
Licanten,6989,1914,6.0,27314,4
Linares,101073,32300,88.0,31928,4
Longavi,32810,9458,30.0,28768,7
Maule,60000,17110,73.0,28426,7
Molina,49800,15411,55.0,30859,4
Parral,44544,14449,57.0,32361,3
Pelarco,9083,3460,10.0,37972,0
Pelluhue,8092,2569,7.0,31673,3
Pencahue,8601,2775,16.0,32182,3
Rauco,11248,3457,2.0,30734,4
Retiro,21071,6317,12.0,29936,9
Rio Claro,14753,4367,9.0,29546,5
Romeral,16170,5344,10.0,33017,9
Sagrada Familia,19469,5442,15.0,27905,9
San Clemente,46292,13139,39.0,28318,1
San Javier,49451,16147,86.0,32541,3
San Rafael,9959,3982,26.0,39783,1
Talca,236724,82036,195.0,34603,2
Teno,30850,8422,29.0,27222,0
Vichuquen,4381,864,0.0,19721,5
Villa Alegre,17512,5380,14.0,30676,1
Yerbas Buenas,19200,5311,9.0,27630,2
Desconocido Maule,0,104,0.0,
Bulnes,22607,7194,35.0,31724,7
Chillan,198624,74697,218.0,37542,3
Chillan Viejo,33827,8951,27.0,26416,8
Cobquecura,5275,1171,3.0,22180,1
Coelemu,16845,4278,11.0,25342,8
Coihueco,28375,7058,20.0,24835,2
El Carmen,12334,3567,26.0,28847,1
Ninhue,5414,1504,5.0,27742,9
Niquen,11567,3194,21.0,27526,6
Pemuco,8639,2311,8.0,26704,5
Pinto,11880,3509,3.0,29511,8
Portezuelo,4940,1423,6.0,28704,5
Quillon,18777,5466,18.0,29046,2
Quirihue,12192,2618,4.0,21456,7
Ranquil,6261,1694,1.0,27056,4
San Carlos,56252,19074,76.0,33837,0
San Fabian,4654,1564,4.0,33562,5
San Ignacio,16624,4763,25.0,28585,2
San Nicolas,12172,4040,5.0,33158,1
Treguaco,5696,1561,2.0,27387,6
Yungay,18596,5812,18.0,31205,6
Desconocido Nuble,0,69,0.0,
Alto Biobio,6775,1612,7.0,23734,3
Antuco,4306,1294,6.0,29935,0
Arauco,38679,15339,49.0,39579,6
Cabrero,30725,9252,34.0,30030,9
Canete,37003,10836,44.0,29186,8
Chiguayante,91180,29857,119.0,32665,1
Concepcion,238092,86633,252.0,36328,0
Contulmo,6330,2054,11.0,32369,7
Coronel,125829,36265,82.0,28789,1
Curanilahue,33892,10548,18.0,31095,8
Florida,11841,3464,11.0,29195,2
Hualpen,97273,33810,117.0,34694,1
Hualqui,26201,8316,41.0,31670,5
Laja,23873,5384,7.0,22531,7
Lebu,27100,7792,16.0,28708,5
Los Alamos,22524,7653,23.0,33932,7
Los Angeles,218515,74938,209.0,34240,2
Lota,45750,13085,43.0,28555,2
Mulchen,31041,9273,36.0,29799,3
Nacimiento,27944,6907,17.0,24677,9
Negrete,10429,3341,20.0,31959,0
Penco,49865,16303,39.0,32640,1
Quilaco,4179,1123,9.0,26824,6
Quilleco,10032,2982,12.0,29615,2
San Pedro de la Paz,145906,42675,146.0,29190,7
San Rosendo,3611,997,8.0,27471,6
Santa Barbara,14592,4570,31.0,31188,3
Santa Juana,14779,4286,6.0,28987,1
Talcahuano,158345,53598,195.0,33782,6
Tirua,11019,2631,7.0,23840,6
Tome,58729,21649,65.0,36799,5
Tucapel,15205,4165,33.0,27234,5
Yumbel,22132,5607,33.0,25239,5
Desconocido Biobio,0,440,0.0,
Angol,56058,17029,67.0,30309,7
Carahue,25486,6037,17.0,23628,7
Cholchol,12341,2611,5.0,21124,7
Collipulli,26148,7974,21.0,30449,7
Cunco,18055,5202,10.0,28773,2
Curacautin,18178,3804,5.0,20904,4
Curarrehue,7802,2432,6.0,31120,2
Ercilla,8458,2545,11.0,30018,9
Freire,25446,5834,8.0,22903,4
Galvarino,12633,4030,9.0,31876,8
Gorbea,15148,3890,17.0,25640,3
Lautaro,40746,10910,12.0,26748,6
Loncoche,24739,5996,45.0,24111,7
Lonquimay,11049,2944,8.0,26590,6
Los Sauces,7517,2222,1.0,29559,7
Lumaco,10050,2083,4.0,20706,5
Melipeuco,6265,1721,9.0,27422,2
Nueva Imperial,33777,8384,29.0,24762,4
Padre Las Casas,82110,22807,40.0,27751,8
Perquenco,7223,2455,5.0,33947,1
Pitrufquen,26096,7729,27.0,29548,6
Pucon,29782,9532,24.0,31958,9
Puren,12188,3187,3.0,26132,3
Renaico,10833,3798,1.0,35041,1
Saavedra,12793,3426,7.0,26741,2
Temuco,302931,103908,293.0,34236,5
Teodoro Schmidt,15786,3678,6.0,23267,5
Tolten,10055,3246,17.0,32143,2
Traiguen,19314,4929,7.0,25494,5
Victoria,35467,9325,9.0,26277,9
Vilcun,30766,8405,23.0,27273,6
Villarrica,59103,17437,58.0,29440,1
Desconocido Araucania,0,51,0.0,
Corral,5447,1941,6.0,35542,5
Futrono,15261,6550,55.0,42697,1
La Union,39538,12500,54.0,31549,4
Lago Ranco,10292,3864,7.0,37543,7
Lanco,17652,7017,17.0,39678,2
Los Lagos,20518,7112,18.0,34598,9
Mafil,7389,3025,15.0,40803,9
Mariquina,23250,8845,23.0,37995,7
Paillaco,20798,6349,13.0,30512,5
Panguipulli,35991,14135,48.0,39170,9
Rio Bueno,32925,9157,32.0,27754,0
Valdivia,176774,71070,147.0,40158,6
Desconocido Los Rios,0,45,0.0,
Ancud,42458,10445,30.0,24567,8
Calbuco,36744,9500,13.0,25841,0
Castro,47607,14020,20.0,29426,3
Chaiten,5020,1070,4.0,21294,8
Chonchi,16013,3802,1.0,23749,5
Cochamo,4006,954,2.0,23789,3
Curaco de Velez,4066,1016,2.0,24963,1
Dalcahue,15069,3886,4.0,25774,8
Fresia,12656,2945,3.0,23253,8
Frutillar,20223,6568,5.0,32458,1
Futaleufu,2806,931,14.0,32858,2
Hualaihue,9525,2133,3.0,22393,7
Llanquihue,18621,5276,9.0,28312,1
Los Muermos,17817,3950,4.0,22158,6
Maullin,14894,3682,0.0,24721,4
Osorno,173410,55726,149.0,32081,8
Palena,1827,728,2.0,39737,3
Puerto Montt,269398,76310,117.0,28302,0
Puerto Octay,9192,2857,3.0,31059,6
Puerto Varas,48620,13020,7.0,26775,0
Puqueldon,4201,1268,1.0,30183,3
Purranque,21080,5813,19.0,27500,0
Puyehue,11787,3784,9.0,32069,2
Queilen,5543,1411,3.0,25401,4
Quellon,29309,7636,10.0,26043,2
Quemchi,8783,2023,2.0,23021,7
Quinchao,8298,1945,3.0,23427,3
Rio Negro,14275,4924,7.0,34472,9
San Juan de la Costa,7639,2581,14.0,33669,3
San Pablo,10553,3692,6.0,34947,4
Desconocido Los Lagos,0,184,0.0,
Aysen,25002,8360,27.0,33373,3
Chile Chico,5121,1904,2.0,37160,7
Cisnes,5828,2256,7.0,38641,0
Cochrane,3685,1383,2.0,37503,4
Coyhaique,61210,21457,48.0,35012,3
Guaitecas,1599,612,6.0,38211,4
Lago Verde,920,186,1.0,20108,7
OHiggins,661,147,1.0,22239,0
Rio Ibanez,2699,676,1.0,25009,3
Tortel,572,191,1.0,33391,6
Desconocido Aysen,0,12,0.0,
Antartica,137,68,0.0,49635,0
Cabo de Hornos,1983,809,0.0,40796,8
Laguna Blanca,264,59,0.0,22348,5
Natales,23782,11265,21.0,47334,1
Porvenir,7323,2701,16.0,36733,6
Primavera,694,98,0.0,14121,0
Punta Arenas,141984,55577,137.0,39086,1
Rio Verde,211,50,0.0,23696,7
San Gregorio,681,146,0.0,21439,1
Timaukel,282,55,0.0,19503,5
Torres del Paine,1021,120,1.0,11655,2
Desconocido Magallanes,0,58,0.0,